19810101  08.1099  77.4473  17.3  29.6  23.3  00.0  29.6  74.7
19810102  08.1099  77.4473  12.5  28.5  23.1  00.1  07.1  74.1
19810103  08.1099  77.4473  16.3  29.3  22.4  00.1  07.7  78.3
19810104  08.1099  77.4473  10.6  27.9  22.0  00.0  06.4  78.9
19810105  08.1099  77.4473  18.6  28.2  20.6  00.0  10.1  80.2
19810106  08.1099  77.4473  20.6  28.5  20.2  00.0  15.8  79.6
19810107  08.1099  77.4473  23.2  29.3  19.6  00.0  19.1  80.8
19810108  08.1099  77.4473  22.4  27.0  19.7  00.3  17.3  92.1
19810109  08.1099  77.4473  23.8  29.0  21.0  04.0  09.5  84.0
19810110  08.1099  77.4473  24.0  27.7  19.3  00.6  16.3  85.3
19810111  08.1099  77.4473  23.8  28.1  20.0  02.2  25.1  84.6
19810112  08.1099  77.4473  24.1  28.4  20.2  00.0  20.6  81.1
19810113  08.1099  77.4473  24.1  29.0  20.9  01.3  20.6  77.6
19810114  08.1099  77.4473  24.1  29.6  21.8  00.0  20.2  79.3
19810115  08.1099  77.4473  24.0  30.0  22.3  00.0  11.1  80.6
19810116  08.1099  77.4473  23.6  29.7  22.5  00.0  10.7  79.1
19810117  08.1099  77.4473  23.9  28.9  22.0  00.0  13.2  80.4
19810118  08.1099  77.4473  24.0  29.3  21.7  00.0  11.3  82.5
19810119  08.1099  77.4473  23.9  29.2  21.8  01.5  07.4  81.4
19810120  08.1099  77.4473  24.1  29.4  22.2  02.4  07.8  79.3
19810121  08.1099  77.4473  24.2  29.5  22.0  00.3  08.3  78.3
19810122  08.1099  77.4473  24.5  29.1  21.1  00.0  09.9  79.5
19810123  08.1099  77.4473  24.6  29.0  20.9  00.0  14.8  82.7
19810124  08.1099  77.4473  24.5  29.4  21.4  00.8  16.2  82.1
19810125  08.1099  77.4473  24.2  28.9  20.9  00.4  09.3  81.8
19810126  08.1099  77.4473  24.6  29.1  21.0  00.9  10.2  78.4
19810127  08.1099  77.4473  24.4  29.9  21.5  00.0  09.0  78.0
19810128  08.1099  77.4473  25.3  28.7  20.6  00.2  10.0  76.0
19810129  08.1099  77.4473  25.0  29.7  21.3  00.0  24.4  76.8
19810130  08.1099  77.4473  21.1  28.6  21.6  00.0  26.0  73.8
19810131  08.1099  77.4473  17.4  27.9  20.2  00.0  22.1  75.6
19810201  08.1099  77.4473  25.3  30.1  20.0  00.0  15.1  77.3
19810202  08.1099  77.4473  24.8  29.5  19.2  00.0  10.6  83.2
19810203  08.1099  77.4473  22.0  28.9  20.2  00.3  10.7  77.4
19810204  08.1099  77.4473  24.7  29.8  21.0  00.0  07.4  73.7
19810205  08.1099  77.4473  20.2  30.2  22.7  00.0  07.7  73.3
19810206  08.1099  77.4473  21.8  30.8  23.4  00.5  28.7  75.6
19810207  08.1099  77.4473  20.5  29.5  23.3  00.0  28.0  80.7
19810208  08.1099  77.4473  24.8  30.6  23.3  00.0  13.7  80.5
19810209  08.1099  77.4473  25.0  30.4  22.6  02.8  11.9  84.7
19810210  08.1099  77.4473  25.4  30.8  21.2  02.0  12.7  86.3
19810211  08.1099  77.4473  25.4  28.1  21.5  02.0  10.2  88.7
19810212  08.1099  77.4473  25.8  30.5  21.1  02.2  06.3  79.5
19810213  08.1099  77.4473  25.7  29.9  21.1  00.0  11.6  80.2
19810214  08.1099  77.4473  25.8  31.0  20.7  00.6  14.1  78.6
19810215  08.1099  77.4473  25.8  30.4  21.6  00.2  20.9  78.2
19810216  08.1099  77.4473  26.3  29.3  21.4  00.0  20.2  78.8
19810217  08.1099  77.4473  26.7  29.1  20.8  00.0  13.4  79.3
19810218  08.1099  77.4473  26.9  29.2  20.5  00.0  05.1  74.0
19810219  08.1099  77.4473  26.9  29.3  20.1  00.0  07.3  74.2
19810220  08.1099  77.4473  26.7  30.7  20.5  00.0  08.2  68.0
19810221  08.1099  77.4473  26.9  30.9  20.8  00.0  13.8  73.1
19810222  08.1099  77.4473  26.6  29.4  21.3  00.0  09.4  78.7
19810223  08.1099  77.4473  26.6  29.5  21.1  00.5  15.9  79.6
19810224  08.1099  77.4473  26.1  31.1  23.5  00.0  15.3  80.5
19810225  08.1099  77.4473  26.0  31.0  23.1  00.9  10.5  82.3
19810226  08.1099  77.4473  26.6  31.7  21.7  00.6  08.3  74.5
19810227  08.1099  77.4473  26.9  29.3  20.7  00.0  08.7  78.4
19810228  08.1099  77.4473  27.3  31.0  21.1  00.1  08.1  76.3
19810301  08.1099  77.4473  26.7  30.8  19.9  00.0  14.1  79.1
19810302  08.1099  77.4473  26.8  32.0  22.0  00.1  11.9  78.8
19810303  08.1099  77.4473  27.0  31.9  23.7  00.2  15.8  76.3
19810304  08.1099  77.4473  25.3  31.7  23.1  00.3  10.3  75.3
19810305  08.1099  77.4473  18.7  31.0  23.4  00.0  07.1  74.1
19810306  08.1099  77.4473  26.6  32.1  23.3  00.0  18.7  73.5
19810307  08.1099  77.4473  26.6  31.8  24.1  00.0  14.5  74.5
19810308  08.1099  77.4473  25.5  31.5  24.7  00.0  11.3  81.0
19810309  08.1099  77.4473  26.6  31.2  24.0  00.0  11.2  80.4
19810310  08.1099  77.4473  27.2  31.5  23.3  00.2  10.0  75.4
19810311  08.1099  77.4473  26.2  30.1  21.8  00.0  22.2  79.2
19810312  08.1099  77.4473  27.1  30.8  21.7  01.8  11.8  76.9
19810313  08.1099  77.4473  27.1  31.4  23.6  00.3  14.4  80.4
19810314  08.1099  77.4473  27.3  31.8  23.8  00.0  18.7  76.4
19810315  08.1099  77.4473  27.0  31.6  24.9  00.0  15.3  77.9
19810316  08.1099  77.4473  26.3  31.5  24.2  00.0  14.8  78.8
19810317  08.1099  77.4473  27.2  31.3  23.3  00.3  16.0  80.6
19810318  08.1099  77.4473  24.5  30.5  23.3  00.0  08.0  83.6
19810319  08.1099  77.4473  26.4  30.0  23.0  05.2  08.2  85.4
19810320  08.1099  77.4473  27.3  29.7  23.0  04.5  08.3  86.2
19810321  08.1099  77.4473  27.2  29.2  23.0  02.4  07.0  89.2
19810322  08.1099  77.4473  27.2  28.2  23.1  03.7  06.5  89.5
19810323  08.1099  77.4473  27.3  29.1  23.6  05.1  17.2  89.2
19810324  08.1099  77.4473  23.9  30.3  23.4  01.7  20.0  86.9
19810325  08.1099  77.4473  27.5  31.1  23.3  00.5  14.7  86.1
19810326  08.1099  77.4473  26.9  30.6  23.9  01.4  12.8  82.7
19810327  08.1099  77.4473  27.0  30.9  23.8  07.9  11.2  84.9
19810328  08.1099  77.4473  27.3  31.3  23.7  08.0  04.8  81.1
19810329  08.1099  77.4473  27.6  32.6  24.3  00.8  08.8  77.9
19810330  08.1099  77.4473  27.3  31.5  23.9  00.0  10.6  84.6
19810331  08.1099  77.4473  27.2  29.5  23.4  04.2  15.8  85.7
19810401  08.1099  77.4473  27.0  31.1  24.4  01.8  16.5  86.2
19810402  08.1099  77.4473  26.4  30.6  25.0  00.8  08.5  87.2
19810403  08.1099  77.4473  15.4  30.9  22.8  02.1  05.1  86.6
19810404  08.1099  77.4473  22.3  30.9  24.7  00.0  09.7  85.2
19810405  08.1099  77.4473  16.8  29.7  24.2  01.9  18.3  86.4
19810406  08.1099  77.4473  22.3  31.9  25.2  00.6  19.7  82.2
19810407  08.1099  77.4473  25.9  30.5  24.9  01.8  20.3  84.9
19810408  08.1099  77.4473  26.5  31.1  25.2  02.5  14.1  82.5
19810409  08.1099  77.4473  23.3  31.4  24.9  20.7  14.0  80.2
19810410  08.1099  77.4473  13.7  31.4  24.5  08.4  09.7  84.2
19810411  08.1099  77.4473  26.2  31.2  25.1  01.0  11.1  83.2
19810412  08.1099  77.4473  18.7  30.0  24.8  09.9  11.6  89.9
19810413  08.1099  77.4473  16.6  28.1  24.9  34.2  16.8  94.9
19810414  08.1099  77.4473  25.5  30.5  25.2  45.8  12.9  89.1
19810415  08.1099  77.4473  27.7  32.4  25.5  00.1  10.9  83.4
19810416  08.1099  77.4473  27.5  32.2  25.5  00.0  10.8  82.9
19810417  08.1099  77.4473  27.4  31.5  25.2  00.0  15.4  85.1
19810418  08.1099  77.4473  27.5  31.3  25.3  00.2  13.8  87.1
19810419  08.1099  77.4473  27.5  30.8  25.3  00.4  20.3  86.7
19810420  08.1099  77.4473  27.5  30.7  25.4  00.5  16.8  86.1
19810421  08.1099  77.4473  27.4  30.5  25.5  01.0  17.0  87.7
19810422  08.1099  77.4473  27.4  30.8  25.3  01.9  06.0  87.2
19810423  08.1099  77.4473  27.4  31.6  25.2  01.4  19.6  84.5
19810424  08.1099  77.4473  25.0  29.9  24.8  02.5  15.4  90.8
19810425  08.1099  77.4473  25.7  28.4  24.2  21.2  13.0  91.9
19810426  08.1099  77.4473  27.2  29.1  23.6  09.2  09.7  91.4
19810427  08.1099  77.4473  27.2  31.1  23.5  03.1  08.0  85.6
19810428  08.1099  77.4473  26.7  28.1  23.8  04.8  15.6  92.2
19810429  08.1099  77.4473  27.2  30.5  24.4  05.8  09.3  87.5
19810430  08.1099  77.4473  27.1  29.4  24.4  02.2  04.9  89.9
19810501  08.1099  77.4473  26.9  29.2  24.5  03.8  07.5  90.0
19810502  08.1099  77.4473  26.9  29.3  24.3  05.6  13.4  89.2
19810503  08.1099  77.4473  26.9  29.2  24.2  05.7  06.5  90.2
19810504  08.1099  77.4473  21.2  28.3  24.4  03.3  12.9  92.3
19810505  08.1099  77.4473  18.7  28.8  24.5  12.7  10.6  90.3
19810506  08.1099  77.4473  26.1  30.9  25.5  02.0  16.9  87.1
19810507  08.1099  77.4473  25.5  30.4  25.0  00.0  19.9  89.1
19810508  08.1099  77.4473  24.7  30.2  25.6  00.3  11.9  90.1
19810509  08.1099  77.4473  22.0  28.7  25.0  04.7  09.6  90.6
19810510  08.1099  77.4473  24.4  29.5  25.3  12.5  08.6  92.1
19810511  08.1099  77.4473  22.0  29.9  25.4  20.3  12.8  91.3
19810512  08.1099  77.4473  23.0  32.7  25.0  07.0  13.0  83.2
19810513  08.1099  77.4473  20.5  31.5  25.0  02.6  11.9  81.9
19810514  08.1099  77.4473  19.3  31.3  24.3  00.0  11.4  80.8
19810515  08.1099  77.4473  25.7  31.8  25.4  00.0  09.0  79.1
19810516  08.1099  77.4473  23.3  32.4  26.8  00.0  13.7  80.6
19810517  08.1099  77.4473  14.2  30.8  26.3  00.0  20.9  84.6
19810518  08.1099  77.4473  24.0  31.3  26.2  00.1  18.4  85.1
19810519  08.1099  77.4473  23.5  31.4  26.4  00.2  16.8  85.2
19810520  08.1099  77.4473  26.3  31.5  26.0  00.3  11.2  84.8
19810521  08.1099  77.4473  26.7  31.9  25.8  00.2  07.6  83.1
19810522  08.1099  77.4473  25.6  30.7  25.5  00.2  05.9  87.1
19810523  08.1099  77.4473  26.4  30.0  25.2  00.8  27.6  88.0
19810524  08.1099  77.4473  24.6  30.2  25.3  01.4  15.6  87.8
19810525  08.1099  77.4473  26.0  30.6  25.1  01.1  11.1  86.9
19810526  08.1099  77.4473  26.5  32.2  25.5  00.8  15.6  79.7
19810527  08.1099  77.4473  24.7  32.5  26.2  00.0  12.9  75.6
19810528  08.1099  77.4473  15.8  31.9  26.9  00.0  13.5  82.8
19810529  08.1099  77.4473  24.5  30.3  26.5  00.4  22.2  87.0
19810530  08.1099  77.4473  24.1  30.1  25.9  29.2  16.5  87.1
19810531  08.1099  77.4473  20.9  29.9  25.5  11.4  19.3  88.9
19810601  08.1099  77.4473  22.3  29.8  25.4  09.8  23.4  89.2
19810602  08.1099  77.4473  17.8  29.0  25.6  12.6  14.2  89.5
19810603  08.1099  77.4473  23.6  28.4  25.4  20.6  10.4  90.3
19810604  08.1099  77.4473  23.6  29.4  25.5  51.5  07.1  85.8
19810605  08.1099  77.4473  19.4  28.3  25.4  33.3  18.8  90.6
19810606  08.1099  77.4473  23.9  28.8  25.1  37.3  19.5  89.8
19810607  08.1099  77.4473  24.6  29.2  25.1  08.1  17.8  89.8
19810608  08.1099  77.4473  15.9  28.4  25.0  08.9  16.6  91.4
19810609  08.1099  77.4473  16.9  28.2  25.1  04.4  22.3  90.9
19810610  08.1099  77.4473  15.8  27.9  25.0  03.4  18.3  91.6
19810611  08.1099  77.4473  18.9  28.0  24.9  03.0  27.3  91.2
19810612  08.1099  77.4473  23.8  28.0  25.2  13.9  31.8  90.7
19810613  08.1099  77.4473  13.6  27.4  25.1  31.1  38.4  91.3
19810614  08.1099  77.4473  16.2  27.7  25.1  49.4  40.8  92.0
19810615  08.1099  77.4473  16.6  27.3  24.9  72.8  32.1  92.7
19810616  08.1099  77.4473  21.9  28.3  25.1  75.5  30.0  90.2
19810617  08.1099  77.4473  11.1  27.3  25.0  40.6  31.3  90.9
19810618  08.1099  77.4473  15.0  27.8  24.9  29.5  20.4  90.2
19810619  08.1099  77.4473  16.9  27.9  25.2  15.4  10.1  90.7
19810620  08.1099  77.4473  20.9  28.8  25.5  24.8  08.7  88.4
19810621  08.1099  77.4473  24.3  29.4  25.2  09.8  07.2  87.6
19810622  08.1099  77.4473  07.6  27.3  25.2  04.1  05.0  91.1
19810623  08.1099  77.4473  20.9  28.6  24.9  02.9  33.6  89.8
19810624  08.1099  77.4473  10.6  28.3  24.7  17.7  24.9  90.9
19810625  08.1099  77.4473  20.0  28.5  24.9  01.9  14.5  89.2
19810626  08.1099  77.4473  24.2  29.6  24.5  05.1  23.4  87.2
19810627  08.1099  77.4473  23.6  29.1  24.8  01.2  20.5  88.1
19810628  08.1099  77.4473  18.7  28.9  24.9  01.4  16.9  91.2
19810629  08.1099  77.4473  26.0  29.8  24.4  03.5  26.7  88.3
19810630  08.1099  77.4473  26.1  29.4  24.6  00.4  23.5  86.9
19810701  08.1099  77.4473  22.6  28.8  24.5  01.6  20.7  86.7
19810702  08.1099  77.4473  17.6  28.5  24.7  02.0  18.4  89.9
19810703  08.1099  77.4473  18.1  29.7  24.3  02.1  17.0  86.8
19810704  08.1099  77.4473  24.4  29.5  24.7  01.5  13.3  87.7
19810705  08.1099  77.4473  17.0  28.1  25.0  02.7  19.0  89.7
19810706  08.1099  77.4473  16.8  28.2  24.8  03.4  34.0  90.3
19810707  08.1099  77.4473  20.7  28.5  24.4  12.2  30.5  90.8
19810708  08.1099  77.4473  20.5  28.5  24.6  17.0  21.2  91.3
19810709  08.1099  77.4473  22.5  28.4  25.0  16.5  31.2  90.7
19810710  08.1099  77.4473  20.2  28.0  24.8  06.3  25.5  91.6
19810711  08.1099  77.4473  22.2  28.1  24.5  21.8  29.8  91.7
19810712  08.1099  77.4473  20.4  28.3  24.9  15.1  31.9  90.9
19810713  08.1099  77.4473  25.4  29.1  24.5  13.0  30.9  90.2
19810714  08.1099  77.4473  26.0  29.7  24.2  08.0  27.7  87.3
19810715  08.1099  77.4473  23.8  29.5  24.6  00.3  25.4  87.4
19810716  08.1099  77.4473  24.7  30.5  24.4  00.1  20.8  84.0
19810717  08.1099  77.4473  23.9  30.5  24.2  00.0  20.9  83.5
19810718  08.1099  77.4473  20.5  30.5  24.6  00.0  17.4  84.9
19810719  08.1099  77.4473  18.7  29.5  24.6  00.0  15.4  85.6
19810720  08.1099  77.4473  22.2  29.4  24.7  00.0  13.8  85.8
19810721  08.1099  77.4473  18.6  30.0  24.6  01.6  08.7  86.1
19810722  08.1099  77.4473  14.0  29.0  24.7  04.6  06.7  88.1
19810723  08.1099  77.4473  22.0  29.1  24.7  03.1  31.0  88.1
19810724  08.1099  77.4473  25.0  29.2  24.9  12.1  27.8  88.7
19810725  08.1099  77.4473  19.3  29.9  24.7  14.1  13.0  86.7
19810726  08.1099  77.4473  17.7  30.4  24.8  00.5  19.3  81.7
19810727  08.1099  77.4473  21.5  30.6  24.7  00.0  12.8  84.1
19810728  08.1099  77.4473  07.6  27.9  24.7  08.5  13.3  88.8
19810729  08.1099  77.4473  15.9  29.2  24.8  02.3  22.6  88.1
19810730  08.1099  77.4473  13.8  28.4  24.8  03.7  19.4  87.8
19810731  08.1099  77.4473  06.1  26.9  24.6  06.8  26.2  92.0
19810801  08.1099  77.4473  18.2  28.5  24.9  20.0  25.5  89.1
19810802  08.1099  77.4473  10.1  27.4  24.8  12.7  08.3  92.2
19810803  08.1099  77.4473  24.5  28.6  24.6  14.0  07.5  88.8
19810804  08.1099  77.4473  23.1  28.7  24.5  05.8  11.9  90.8
19810805  08.1099  77.4473  24.4  28.8  24.2  16.0  13.1  89.7
19810806  08.1099  77.4473  22.9  28.8  25.0  03.0  33.8  88.7
19810807  08.1099  77.4473  21.0  28.7  25.2  05.6  31.1  88.8
19810808  08.1099  77.4473  16.6  28.8  25.4  03.6  21.8  88.7
19810809  08.1099  77.4473  21.3  28.1  25.2  26.5  26.6  90.8
19810810  08.1099  77.4473  17.6  27.5  24.9  50.0  22.8  92.8
19810811  08.1099  77.4473  17.9  28.0  24.3  23.1  29.4  92.7
19810812  08.1099  77.4473  24.4  29.2  24.3  08.0  30.4  89.4
19810813  08.1099  77.4473  26.5  29.1  24.8  04.6  33.3  89.4
19810814  08.1099  77.4473  16.3  27.8  24.9  03.8  37.0  91.8
19810815  08.1099  77.4473  18.0  28.1  24.8  07.6  23.9  91.8
19810816  08.1099  77.4473  23.9  28.3  24.4  10.5  24.9  91.5
19810817  08.1099  77.4473  25.6  28.1  24.4  10.5  24.1  91.5
19810818  08.1099  77.4473  21.6  28.4  24.2  14.4  13.7  91.2
19810819  08.1099  77.4473  26.2  28.9  24.0  02.8  11.3  89.1
19810820  08.1099  77.4473  22.2  28.5  24.3  03.9  10.5  91.5
19810821  08.1099  77.4473  19.4  28.3  24.5  19.2  09.8  91.5
19810822  08.1099  77.4473  19.8  27.6  24.3  28.9  10.3  92.3
19810823  08.1099  77.4473  25.1  29.2  24.1  30.1  32.0  90.0
19810824  08.1099  77.4473  26.5  29.8  24.0  07.8  33.9  84.3
19810825  08.1099  77.4473  25.9  31.2  24.3  00.1  15.6  82.1
19810826  08.1099  77.4473  26.3  30.6  24.5  02.1  16.2  87.0
19810827  08.1099  77.4473  25.0  28.8  24.5  11.3  10.3  88.3
19810828  08.1099  77.4473  19.8  29.3  24.6  01.2  06.8  88.6
19810829  08.1099  77.4473  13.7  27.9  24.3  00.8  22.3  90.3
19810830  08.1099  77.4473  10.8  28.3  23.7  02.1  31.1  90.9
19810831  08.1099  77.4473  17.9  28.9  23.6  00.2  31.0  87.7
19810901  08.1099  77.4473  24.6  30.4  24.2  00.1  25.9  85.5
19810902  08.1099  77.4473  26.6  30.0  24.4  00.0  10.5  85.9
19810903  08.1099  77.4473  18.1  29.0  24.2  00.1  09.7  88.1
19810904  08.1099  77.4473  15.0  28.5  24.4  00.2  03.7  86.4
19810905  08.1099  77.4473  14.9  27.9  23.9  00.4  08.0  90.4
19810906  08.1099  77.4473  12.5  27.5  24.4  01.2  11.3  92.5
19810907  08.1099  77.4473  12.5  27.5  24.4  14.0  15.1  91.2
19810908  08.1099  77.4473  12.8  27.8  24.6  18.1  11.0  91.8
19810909  08.1099  77.4473  14.3  27.6  24.3  08.9  13.8  92.0
19810910  08.1099  77.4473  17.8  28.3  24.2  08.9  09.2  89.7
19810911  08.1099  77.4473  14.7  28.2  24.2  00.5  11.9  88.7
19810912  08.1099  77.4473  24.0  29.3  23.8  00.1  16.5  88.3
19810913  08.1099  77.4473  22.1  28.0  23.4  02.0  19.8  91.6
19810914  08.1099  77.4473  14.7  27.7  23.9  21.0  16.9  91.5
19810915  08.1099  77.4473  22.1  29.1  23.8  02.3  28.9  88.0
19810916  08.1099  77.4473  23.9  29.6  24.1  00.2  21.5  87.2
19810917  08.1099  77.4473  17.6  28.4  24.2  02.0  17.7  90.3
19810918  08.1099  77.4473  20.0  28.7  24.8  01.2  13.0  89.8
19810919  08.1099  77.4473  25.2  28.6  25.0  14.0  07.5  90.4
19810920  08.1099  77.4473  23.3  28.5  24.8  45.5  07.9  92.2
19810921  08.1099  77.4473  17.3  27.7  24.9  72.8  12.8  93.0
19810922  08.1099  77.4473  20.9  27.8  25.1  52.5  13.6  92.9
19810923  08.1099  77.4473  21.9  28.6  24.6  57.5  25.3  90.6
19810924  08.1099  77.4473  12.1  27.3  24.6  04.3  26.7  91.8
19810925  08.1099  77.4473  11.9  28.3  24.8  03.0  10.4  91.0
19810926  08.1099  77.4473  17.8  28.3  24.8  03.1  12.0  90.1
19810927  08.1099  77.4473  26.4  29.0  24.5  06.4  13.3  88.3
19810928  08.1099  77.4473  26.1  29.0  24.1  03.9  15.2  89.6
19810929  08.1099  77.4473  26.7  29.5  23.2  01.4  27.2  84.8
19810930  08.1099  77.4473  21.5  29.3  23.5  00.0  24.7  85.2
19811001  08.1099  77.4473  25.3  29.5  23.8  00.0  22.4  84.8
19811002  08.1099  77.4473  25.8  29.2  23.9  00.0  09.0  86.5
19811003  08.1099  77.4473  21.1  29.5  23.9  00.0  10.1  85.5
19811004  08.1099  77.4473  19.6  28.5  24.7  00.0  04.4  88.9
19811005  08.1099  77.4473  17.1  28.1  24.8  02.3  04.2  91.3
19811006  08.1099  77.4473  16.8  28.1  24.2  12.4  09.4  90.6
19811007  08.1099  77.4473  21.4  30.0  23.3  01.3  17.1  84.6
19811008  08.1099  77.4473  17.9  29.5  23.4  00.0  07.5  86.1
19811009  08.1099  77.4473  25.7  30.3  23.4  00.7  03.5  86.0
19811010  08.1099  77.4473  25.4  29.4  23.9  00.0  06.2  88.8
19811011  08.1099  77.4473  23.8  28.3  24.0  02.9  06.0  90.3
19811012  08.1099  77.4473  17.7  28.5  23.6  10.6  06.6  89.1
19811013  08.1099  77.4473  21.9  29.0  23.4  00.1  11.6  89.6
19811014  08.1099  77.4473  25.3  28.5  22.7  02.7  15.4  90.0
19811015  08.1099  77.4473  21.2  28.3  23.4  05.1  15.6  90.0
19811016  08.1099  77.4473  24.9  29.1  23.5  01.8  12.4  88.5
19811017  08.1099  77.4473  25.0  29.8  23.8  00.0  13.3  86.8
19811018  08.1099  77.4473  21.3  30.0  23.8  00.0  13.9  86.2
19811019  08.1099  77.4473  21.2  29.2  23.8  00.0  07.5  88.0
19811020  08.1099  77.4473  24.2  28.9  23.6  00.0  06.3  91.5
19811021  08.1099  77.4473  21.0  29.5  23.5  10.6  08.9  89.8
19811022  08.1099  77.4473  19.9  29.6  23.6  03.1  06.6  89.1
19811023  08.1099  77.4473  20.2  29.0  24.2  00.0  15.9  90.2
19811024  08.1099  77.4473  21.6  27.7  23.7  14.6  15.5  93.3
19811025  08.1099  77.4473  18.4  26.9  23.7  12.2  15.0  94.9
19811026  08.1099  77.4473  19.0  29.3  23.1  25.0  12.4  92.2
19811027  08.1099  77.4473  08.9  26.6  23.3  25.8  12.1  94.6
19811028  08.1099  77.4473  14.6  27.1  24.2  21.0  13.5  93.6
19811029  08.1099  77.4473  22.1  28.0  24.0  41.3  27.0  92.8
19811030  08.1099  77.4473  24.0  28.6  22.5  10.8  18.9  91.3
19811031  08.1099  77.4473  20.8  28.8  23.4  04.4  10.8  90.8
19811101  08.1099  77.4473  21.1  29.4  23.9  00.3  18.8  87.7
19811102  08.1099  77.4473  13.7  28.8  24.2  00.0  07.7  89.9
19811103  08.1099  77.4473  23.3  29.2  23.2  00.7  04.6  86.9
19811104  08.1099  77.4473  23.5  29.2  23.0  00.0  05.7  82.5
19811105  08.1099  77.4473  24.1  29.1  23.2  00.0  05.9  86.5
19811106  08.1099  77.4473  23.8  29.4  24.0  00.0  17.3  87.8
19811107  08.1099  77.4473  23.8  29.1  23.8  00.0  23.1  89.4
19811108  08.1099  77.4473  23.6  28.1  24.2  02.0  22.4  93.0
19811109  08.1099  77.4473  23.5  28.6  24.0  14.8  13.5  90.5
19811110  08.1099  77.4473  23.1  27.9  23.0  01.9  07.5  93.9
19811111  08.1099  77.4473  15.2  28.3  23.0  15.6  11.5  91.2
19811112  08.1099  77.4473  22.2  30.4  22.2  00.8  22.6  83.7
19811113  08.1099  77.4473  24.1  29.8  22.7  00.3  24.7  82.9
19811114  08.1099  77.4473  23.2  30.0  22.8  01.3  16.3  77.3
19811115  08.1099  77.4473  22.6  30.5  24.1  00.8  19.6  85.9
19811116  08.1099  77.4473  12.2  29.0  23.8  14.4  14.1  88.7
19811117  08.1099  77.4473  20.2  29.2  22.6  29.8  15.3  90.0
19811118  08.1099  77.4473  17.8  26.4  22.7  22.3  05.4  94.7
19811119  08.1099  77.4473  21.1  28.0  22.4  28.2  04.8  90.3
19811120  08.1099  77.4473  19.7  27.8  20.9  13.9  04.7  89.3
19811121  08.1099  77.4473  22.8  27.7  21.1  04.9  08.7  90.5
19811122  08.1099  77.4473  22.6  28.3  20.2  04.0  17.2  84.3
19811123  08.1099  77.4473  23.7  29.2  20.1  02.0  19.0  85.5
19811124  08.1099  77.4473  19.4  29.4  20.7  02.8  26.1  87.2
19811125  08.1099  77.4473  14.9  27.9  21.9  04.8  14.5  90.4
19811126  08.1099  77.4473  19.1  28.0  21.2  11.9  05.6  87.1
19811127  08.1099  77.4473  22.6  29.9  21.6  03.7  10.5  76.4
19811128  08.1099  77.4473  17.0  29.6  22.3  02.1  09.3  81.3
19811129  08.1099  77.4473  17.1  29.6  22.1  12.2  28.7  87.6
19811130  08.1099  77.4473  20.1  29.4  23.5  36.2  32.0  86.1
19811201  08.1099  77.4473  22.5  29.3  22.7  00.1  22.1  86.7
19811202  08.1099  77.4473  19.3  29.4  23.8  00.0  08.8  86.6
19811203  08.1099  77.4473  22.5  29.8  23.1  00.0  05.1  83.3
19811204  08.1099  77.4473  19.9  29.7  23.7  00.3  08.1  86.3
19811205  08.1099  77.4473  20.2  29.6  21.2  18.5  07.0  72.6
19811206  08.1099  77.4473  22.3  30.4  20.8  00.0  20.1  73.0
19811207  08.1099  77.4473  19.0  28.1  19.0  00.8  20.1  83.6
19811208  08.1099  77.4473  20.8  29.3  21.2  00.0  18.7  84.1
19811209  08.1099  77.4473  22.4  29.1  21.3  02.3  12.3  85.8
19811210  08.1099  77.4473  22.7  28.4  22.5  04.1  17.5  90.1
19811211  08.1099  77.4473  23.0  27.8  21.0  02.9  22.7  87.6
19811212  08.1099  77.4473  23.4  28.2  21.2  02.1  08.2  76.0
19811213  08.1099  77.4473  23.5  28.4  20.9  00.0  14.7  76.0
19811214  08.1099  77.4473  23.1  28.4  21.9  00.0  23.9  79.1
19811215  08.1099  77.4473  22.3  30.2  22.4  00.0  14.0  80.2
19811216  08.1099  77.4473  16.3  29.4  23.3  01.3  14.3  83.9
19811217  08.1099  77.4473  20.8  30.1  23.4  04.2  20.5  79.5
19811218  08.1099  77.4473  21.1  29.6  23.4  00.0  10.2  80.7
19811219  08.1099  77.4473  21.2  29.3  23.1  00.0  07.9  82.8
19811220  08.1099  77.4473  20.9  29.0  23.4  00.0  08.0  83.4
19811221  08.1099  77.4473  22.2  29.3  23.2  00.0  06.2  82.4
19811222  08.1099  77.4473  21.5  29.2  23.1  00.0  09.8  82.7
19811223  08.1099  77.4473  22.1  29.0  22.5  00.0  22.3  80.7
19811224  08.1099  77.4473  20.1  28.7  22.3  00.0  18.5  81.1
19811225  08.1099  77.4473  22.9  28.1  21.0  00.0  10.4  77.6
19811226  08.1099  77.4473  23.0  28.9  21.3  00.0  10.3  76.6
19811227  08.1099  77.4473  23.2  29.1  22.3  00.0  11.6  78.0
19811228  08.1099  77.4473  23.1  29.1  22.1  00.0  11.4  77.6
19811229  08.1099  77.4473  22.7  29.1  21.6  00.0  24.4  77.1
19811230  08.1099  77.4473  23.1  28.7  22.0  00.0  22.8  78.6
19811231  08.1099  77.4473  22.9  29.1  21.6  00.0  22.1  79.4